Round : 10
11101010	11000011	10000010	00011100	
11000100	10010100	00010011	11101001	
01001001	10100001	11000110	00111011	
10010010	00000101	11100011	00110001	
Round : 9
00010111	01000001	10100001	00011000	
10010001	11001001	10010001	01101000	
10001100	00110110	00111000	01101111	
00100011	10101101	10000010	10101010	
Round : 8
10101011	00000101	10110101	01110010	
11001000	11101011	00101011	10010010	
11101100	00000100	11100010	11111101	
01111101	00100001	11101100	00110100	
Round : 7
10101100	00111001	01001100	01110011	
00011111	10001101	11101000	11000111	
01100111	00010001	10110010	00010000	
00100101	00111101	11011011	00110011	
Round : 6
10100000	11000101	01100011	01101001	
01101111	10111000	10000100	11100100	
01001000	01000000	10111111	10111110	
11100001	11010011	00101111	00001010	
Round : 5
11111000	10011011	00110101	11101100	
01001110	01000000	01110010	01001110	
00000010	01011011	00000000	11000111	
00110100	11010111	11011000	00011011	
Round : 4
01001101	00100101	11001011	00011110	
11101100	11110111	00010110	01000110	
01110110	01011000	11000111	00111011	
01001001	10111100	11001001	11101001	
Round : 3
10010001	01010001	10101011	11100001	
11100101	01010100	00011100	11111101	
00000001	01001010	01110001	00111110	
11011010	01111110	00110001	00110100	
Round : 2
00001111	00110001	11101001	00101001	
00110001	10011010	00110101	01011000	
10101110	11001001	01011000	10010011	
00111001	11110000	01001101	10000111	
Round : 1
01010010	10011111	00010110	11000010	
10010111	10000110	00010101	11001010	
11100000	00011010	10101110	01010100	
10111010	00011010	00100110	01011001	
Round : 0
01101011	11000001	10111110	11100010	
00101110	01000000	10011111	10010110	
11101001	00111101	01111110	00010001	
01110011	10010011	00010111	00101010	
