Round : 0
01000000	10111111	10101011	11110100	
00000110	11101110	01001101	00110000	
01000010	11001010	01101011	10011001	
01111010	01011100	01011000	00010110	
Round : 1
11110010	01100101	11101000	11010101	
00011111	11010010	00111001	01111011	
11000011	10111001	10010111	01101101	
10010000	01110110	01010000	01011100	
Round : 2
11111101	11110011	01111100	11011011	
01001011	00001100	10001100	00011011	
11110111	11111100	11011000	11101001	
01001010	10101001	10111011	11111000	
Round : 3
10101100	11010001	11101100	10011100	
10100010	01000010	11100010	11000011	
00011111	01101001	00001111	01111010	
10110111	00000100	10111001	00001111	
Round : 4
10100010	01100001	01101110	01011111	
01000100	10100101	01001101	00111001	
11000000	00101001	11100010	00000000	
10010010	10110111	01100100	11101001	
Round : 5
00101100	01001010	11110011	00010100	
00110010	11000011	11101111	11001001	
11001000	10101001	10111000	01111011	
00100101	00101110	11001101	10100111	
Round : 6
11001101	01001101	11000000	00010011	
01111110	10110011	10111010	00011001	
10010011	10111001	00111001	11111111	
00101011	11010011	10111100	11110111	
Round : 7
11100010	01101101	10111011	01111101	
01000000	11010010	00100001	00110100	
11100011	10110111	11111101	10100010	
01101011	10011011	00000111	01111100	
Round : 8
01000001	11010111	11000110	01010011	
01111101	01100110	10010001	01000000	
11011101	00101111	00010111	10011101	
00000010	10101100	11000101	00011011	
Round : 9
10111011	00110110	11000111	11101011	
10001000	00110011	01001101	01001001	
10100100	11100111	00010001	00101110	
01110100	11110001	10000010	11000100	
Round : 10
00111010	11010111	01111011	10110100	
00001101	01111010	00110110	01100000	
10101000	10011110	11001010	11110011	
00100100	01100110	11101111	10010111	
